clair
1101111101010001100011001110110010111111011000011110001111011001

chiffré vrai
1000011110001100111101101001001111001000011111101100000001111001

faux
1000010110011101111101101101011111001000011111111100000001111101
1000011110011110111101101001001111001000011111111100000001111001
1000011110001100111101001101011111001000011111111100000001111001
1000011011011100111101101101010111011000011111101100000001111001
1000011011001100111101101101011111011010011111101100000001111001
1000011011001100111100101001001111001000011111001100000001111001
1000011010001100111101101001001111011000011111101100001001111001
1000011111001100111100101001001010001000011110101100000001111011
1000111111001100111100101001001110011000011011101100000001111001
1000011110000100111101101001001011001000011011101100000001111001
1000011110001100111111101001001111001000011010101100000001111001
1100011110001100111001101001101110001000001010101100000001111001
1100011110001100111001101001001011000000001110101100000001111001
1100011110001100111101101001001111001000001101101100000001111000
1000011110001100111001101001001111001000001111101100100001111001
1100011110001100111101101001001111001100011111101100000000110000
1010011110001100111001101001001111001100001111101100000100111000
1000011110101100111101101001001111001000011111101100000100111001
1000011110001100110101101001001111001100011111101101000000111001
1000001110001100101101111011001111001100011111101101000001111001
1000001110001100101101101001001111101100011111101101000000111001
1001001110001100101101101001001111001000010111101100000001111001
1000001110001100101101111001001111001000011111101110000001111001
1001011110001100101101111000001111001000011111101000000001011001
0001001110001100101101111000001111001000011111101000000001111001
1000011100001100111101101000001111001001011111101000000001111001
1000011110001100011101101000001111001000011111101100010001111001
1000011110001001111101100000001111001001011111101100010001111001
1000011110001001111101101000001101001000011111101000010001101001
1000011110001100111101101001001111001000111111101100000001101101
1000011110001101111101101001001111001000011111100100000001111101
1000011110001001111101101101011111001000011111111100000011111101
